Date,5-Year Real Rate
2010-01-01,
2010-01-04,0.52
2010-01-05,0.44
2010-01-06,0.44
2010-01-07,0.43
2010-01-08,0.39
2010-01-11,0.46
2010-01-12,0.34
2010-01-13,0.42
2010-01-14,0.39
2010-01-15,0.34
2010-01-18,
2010-01-19,0.39
2010-01-20,0.36
2010-01-21,0.4
2010-01-22,0.42
2010-01-25,0.42
2010-01-26,0.41
2010-01-27,0.47
2010-01-28,0.47
2010-01-29,0.43
2010-02-01,0.39
2010-02-02,0.35
2010-02-03,0.35
2010-02-04,0.3
2010-02-05,0.34
2010-02-08,0.35
2010-02-09,0.38
2010-02-10,0.42
2010-02-11,0.43
2010-02-12,0.39
2010-02-15,
2010-02-16,0.37
2010-02-17,0.39
2010-02-18,0.44
2010-02-19,0.51
2010-02-22,0.55
2010-02-23,0.47
2010-02-24,0.5
2010-02-25,0.5
2010-02-26,0.47
2010-03-01,0.45
2010-03-02,0.44
2010-03-03,0.43
2010-03-04,0.44
2010-03-05,0.46
2010-03-08,0.49
2010-03-09,0.46
2010-03-10,0.48
2010-03-11,0.54
2010-03-12,0.49
2010-03-15,0.49
2010-03-16,0.45
2010-03-17,0.42
2010-03-18,0.52
2010-03-19,0.62
2010-03-22,0.61
2010-03-23,0.64
2010-03-24,0.73
2010-03-25,0.78
2010-03-26,0.73
2010-03-29,0.75
2010-03-30,0.77
2010-03-31,0.72
2010-04-01,0.74
2010-04-02,0.81
2010-04-05,0.83
2010-04-06,0.68
2010-04-07,0.58
2010-04-08,0.69
2010-04-09,0.68
2010-04-12,0.65
2010-04-13,0.65
2010-04-14,0.66
2010-04-15,0.61
2010-04-16,0.59
2010-04-19,0.63
2010-04-20,0.6
2010-04-21,0.57
2010-04-22,0.62
2010-04-23,0.62
2010-04-26,0.6
2010-04-27,0.46
2010-04-28,0.53
2010-04-29,0.43
2010-04-30,0.42
2010-05-03,0.47
2010-05-04,0.44
2010-05-05,0.42
2010-05-06,0.34
2010-05-07,0.42
2010-05-10,0.42
2010-05-11,0.4
2010-05-12,0.37
2010-05-13,0.38
2010-05-14,0.33
2010-05-17,0.39
2010-05-18,0.34
2010-05-19,0.43
2010-05-20,0.46
2010-05-21,0.41
2010-05-24,0.42
2010-05-25,0.44
2010-05-26,0.44
2010-05-27,0.46
2010-05-28,0.41
2010-05-31,
2010-06-01,0.41
2010-06-02,0.43
2010-06-03,0.4
2010-06-04,0.32
2010-06-07,0.31
2010-06-08,0.36
2010-06-09,0.36
2010-06-10,0.44
2010-06-11,0.38
2010-06-14,0.38
2010-06-15,0.42
2010-06-16,0.39
2010-06-17,0.33
2010-06-18,0.35
2010-06-21,0.34
2010-06-22,0.3
2010-06-23,0.29
2010-06-24,0.33
2010-06-25,0.29
2010-06-28,0.26
2010-06-29,0.24
2010-06-30,0.25
2010-07-01,0.32
2010-07-02,0.34
2010-07-05,
2010-07-06,0.35
2010-07-07,0.39
2010-07-08,0.37
2010-07-09,0.38
2010-07-12,0.37
2010-07-13,0.39
2010-07-14,0.34
2010-07-15,0.33
2010-07-16,0.34
2010-07-19,0.39
2010-07-20,0.39
2010-07-21,0.32
2010-07-22,0.32
2010-07-23,0.36
2010-07-26,0.36
2010-07-27,0.38
2010-07-28,0.29
2010-07-29,0.25
2010-07-30,0.17
2010-08-02,0.14
2010-08-03,0.04
2010-08-04,0.12
2010-08-05,0.07
2010-08-06,0.05
2010-08-09,0.06
2010-08-10,-0.02
2010-08-11,0.01
2010-08-12,0.13
2010-08-13,0.13
2010-08-16,0.11
2010-08-17,0.16
2010-08-18,0.18
2010-08-19,0.19
2010-08-20,0.23
2010-08-23,0.22
2010-08-24,0.17
2010-08-25,0.19
2010-08-26,0.14
2010-08-27,0.22
2010-08-30,0.16
2010-08-31,0.14
2010-09-01,0.2
2010-09-02,0.23
2010-09-03,0.24
2010-09-06,
2010-09-07,0.17
2010-09-08,0.23
2010-09-09,0.28
2010-09-10,0.25
2010-09-13,0.17
2010-09-14,0.15
2010-09-15,0.17
2010-09-16,0.19
2010-09-17,0.21
2010-09-20,0.19
2010-09-21,0.05
2010-09-22,0.01
2010-09-23,0.05
2010-09-24,0.06
2010-09-27,0.02
2010-09-28,-0.06
2010-09-29,-0.02
2010-09-30,-0.03
2010-10-01,-0.07
2010-10-04,-0.1
2010-10-05,-0.19
2010-10-06,-0.29
2010-10-07,-0.27
2010-10-08,-0.37
2010-10-11,
2010-10-12,-0.34
2010-10-13,-0.44
2010-10-14,-0.49
2010-10-15,-0.38
2010-10-18,-0.39
2010-10-19,-0.4
2010-10-20,-0.37
2010-10-21,-0.37
2010-10-22,-0.39
2010-10-25,-0.42
2010-10-26,-0.36
2010-10-27,-0.25
2010-10-28,-0.29
2010-10-29,-0.31
2010-11-01,-0.34
2010-11-02,-0.34
2010-11-03,-0.4
2010-11-04,-0.48
2010-11-05,-0.47
2010-11-08,-0.45
2010-11-09,-0.31
2010-11-10,-0.37
2010-11-11,
2010-11-12,-0.22
2010-11-15,-0.06
2010-11-16,0.0
2010-11-17,-0.04
2010-11-18,-0.06
2010-11-19,-0.05
2010-11-22,-0.14
2010-11-23,-0.14
2010-11-24,-0.03
2010-11-25,
2010-11-26,-0.07
2010-11-29,-0.07
2010-11-30,-0.07
2010-12-01,0.04
2010-12-02,0.04
2010-12-03,0.02
2010-12-06,-0.07
2010-12-07,0.07
2010-12-08,0.19
2010-12-09,0.25
2010-12-10,0.33
2010-12-13,0.25
2010-12-14,0.39
2010-12-15,0.34
2010-12-16,0.28
2010-12-17,0.22
2010-12-20,0.24
2010-12-21,0.22
2010-12-22,0.21
2010-12-23,0.26
2010-12-24,
2010-12-27,0.25
2010-12-28,0.34
2010-12-29,0.22
2010-12-30,0.24
2010-12-31,0.18
2011-01-03,0.2
2011-01-04,0.15
2011-01-05,0.2
2011-01-06,0.13
2011-01-07,0.05
2011-01-10,0.02
2011-01-11,-0.02
2011-01-12,-0.01
2011-01-13,-0.02
2011-01-14,0.02
2011-01-17,
2011-01-18,0.02
2011-01-19,0.01
2011-01-20,0.16
2011-01-21,0.12
2011-01-24,0.1
2011-01-25,0.02
2011-01-26,0.07
2011-01-27,0.08
2011-01-28,-0.01
2011-01-31,-0.01
2011-02-01,0.01
2011-02-02,0.09
2011-02-03,0.18
2011-02-04,0.28
2011-02-07,0.31
2011-02-08,0.44
2011-02-09,0.39
2011-02-10,0.48
2011-02-11,0.5
2011-02-14,0.51
2011-02-15,0.44
2011-02-16,0.43
2011-02-17,0.33
2011-02-18,0.26
2011-02-21,
2011-02-22,0.07
2011-02-23,0.01
2011-02-24,-0.01
2011-02-25,-0.01
2011-02-28,-0.02
2011-03-01,-0.06
2011-03-02,-0.09
2011-03-03,0.03
2011-03-04,-0.07
2011-03-07,-0.07
2011-03-08,-0.09
2011-03-09,-0.09
2011-03-10,-0.17
2011-03-11,-0.11
2011-03-14,-0.15
2011-03-15,-0.16
2011-03-16,-0.22
2011-03-17,-0.27
2011-03-18,-0.22
2011-03-21,-0.16
2011-03-22,-0.12
2011-03-23,-0.09
2011-03-24,-0.08
2011-03-25,0.01
2011-03-28,0.05
2011-03-29,0.05
2011-03-30,0.02
2011-03-31,0.03
2011-04-01,-0.01
2011-04-04,-0.09
2011-04-05,-0.04
2011-04-06,-0.02
2011-04-07,-0.04
2011-04-08,-0.07
2011-04-11,-0.07
2011-04-12,-0.1
2011-04-13,-0.11
2011-04-14,-0.02
2011-04-15,-0.09
2011-04-18,-0.1
2011-04-19,-0.15
2011-04-20,-0.12
2011-04-21,-0.15
2011-04-22,
2011-04-25,-0.2
2011-04-26,-0.27
2011-04-27,-0.31
2011-04-28,-0.41
2011-04-29,-0.48
2011-05-02,-0.48
2011-05-03,-0.46
2011-05-04,-0.46
2011-05-05,-0.4
2011-05-06,-0.38
2011-05-09,-0.45
2011-05-10,-0.4
2011-05-11,-0.33
2011-05-12,-0.31
2011-05-13,-0.29
2011-05-16,-0.29
2011-05-17,-0.28
2011-05-18,-0.27
2011-05-19,-0.25
2011-05-20,-0.25
2011-05-23,-0.23
2011-05-24,-0.26
2011-05-25,-0.27
2011-05-26,-0.34
2011-05-27,-0.32
2011-05-30,
2011-05-31,-0.32
2011-06-01,-0.39
2011-06-02,-0.37
2011-06-03,-0.43
2011-06-06,-0.43
2011-06-07,-0.45
2011-06-08,-0.49
2011-06-09,-0.43
2011-06-10,-0.41
2011-06-13,-0.4
2011-06-14,-0.34
2011-06-15,-0.44
2011-06-16,-0.43
2011-06-17,-0.37
2011-06-20,-0.34
2011-06-21,-0.34
2011-06-22,-0.32
2011-06-23,-0.33
2011-06-24,-0.39
2011-06-27,-0.33
2011-06-28,-0.26
2011-06-29,-0.3
2011-06-30,-0.27
2011-07-01,-0.25
2011-07-04,
2011-07-05,-0.33
2011-07-06,-0.37
2011-07-07,-0.36
2011-07-08,-0.44
2011-07-11,-0.52
2011-07-12,-0.54
2011-07-13,-0.54
2011-07-14,-0.47
2011-07-15,-0.52
2011-07-18,-0.55
2011-07-19,-0.57
2011-07-20,-0.52
2011-07-21,-0.48
2011-07-22,-0.5
2011-07-25,-0.51
2011-07-26,-0.5
2011-07-27,-0.54
2011-07-28,-0.59
2011-07-29,-0.72
2011-08-01,-0.75
2011-08-02,-0.76
2011-08-03,-0.62
2011-08-04,-0.67
2011-08-05,-0.59
2011-08-08,-0.63
2011-08-09,-0.84
2011-08-10,-1.02
2011-08-11,-0.84
2011-08-12,-0.88
2011-08-15,-0.81
2011-08-16,-0.79
2011-08-17,-0.81
2011-08-18,-0.72
2011-08-19,-0.8
2011-08-22,-0.79
2011-08-23,-0.71
2011-08-24,-0.6
2011-08-25,-0.7
2011-08-26,-0.7
2011-08-29,-0.68
2011-08-30,-0.73
2011-08-31,-0.76
2011-09-01,-0.82
2011-09-02,-0.84
2011-09-05,
2011-09-06,-0.75
2011-09-07,-0.75
2011-09-08,-0.85
2011-09-09,-0.84
2011-09-12,-0.76
2011-09-13,-0.72
2011-09-14,-0.67
2011-09-15,-0.78
2011-09-16,-0.75
2011-09-19,-0.76
2011-09-20,-0.82
2011-09-21,-0.78
2011-09-22,-0.7
2011-09-23,-0.59
2011-09-26,-0.56
2011-09-27,-0.6
2011-09-28,-0.58
2011-09-29,-0.56
2011-09-30,-0.54
2011-10-03,-0.61
2011-10-04,-0.59
2011-10-05,-0.54
2011-10-06,-0.57
2011-10-07,-0.55
2011-10-10,
2011-10-11,-0.51
2011-10-12,-0.5
2011-10-13,-0.5
2011-10-14,-0.54
2011-10-17,-0.58
2011-10-18,-0.65
2011-10-19,-0.66
2011-10-20,-0.65
2011-10-21,-0.66
2011-10-24,-0.66
2011-10-25,-0.75
2011-10-26,-0.74
2011-10-27,-0.74
2011-10-28,-0.8
2011-10-31,-0.89
2011-11-01,-0.92
2011-11-02,-1.02
2011-11-03,-1.0
2011-11-04,-1.05
2011-11-07,-1.06
2011-11-08,-0.97
2011-11-09,-0.99
2011-11-10,-0.98
2011-11-11,
2011-11-14,-0.93
2011-11-15,-0.83
2011-11-16,-0.78
2011-11-17,-0.71
2011-11-18,-0.7
2011-11-21,-0.67
2011-11-22,-0.69
2011-11-23,-0.73
2011-11-24,
2011-11-25,-0.71
2011-11-28,-0.75
2011-11-29,-0.77
2011-11-30,-0.8
2011-12-01,-0.79
2011-12-02,-0.84
2011-12-05,-0.84
2011-12-06,-0.89
2011-12-07,-0.82
2011-12-08,-0.79
2011-12-09,-0.75
2011-12-12,-0.77
2011-12-13,-0.8
2011-12-14,-0.74
2011-12-15,-0.75
2011-12-16,-0.77
2011-12-19,-0.82
2011-12-20,-0.84
2011-12-21,-0.79
2011-12-22,-0.73
2011-12-23,-0.71
2011-12-26,
2011-12-27,-0.69
2011-12-28,-0.72
2011-12-29,-0.73
2011-12-30,-0.76
2012-01-02,
2012-01-03,-0.77
2012-01-04,-0.82
2012-01-05,-0.86
2012-01-06,-0.85
2012-01-09,-0.88
2012-01-10,-0.84
2012-01-11,-0.85
2012-01-12,-0.85
2012-01-13,-0.89
2012-01-16,
2012-01-17,-0.91
2012-01-18,-0.91
2012-01-19,-0.88
2012-01-20,-0.85
2012-01-23,-0.84
2012-01-24,-0.89
2012-01-25,-1.02
2012-01-26,-1.09
2012-01-27,-1.13
2012-01-30,-1.14
2012-01-31,-1.17
2012-02-01,-1.17
2012-02-02,-1.18
2012-02-03,-1.1
2012-02-06,-1.15
2012-02-07,-1.13
2012-02-08,-1.09
2012-02-09,-1.05
2012-02-10,-1.07
2012-02-13,-1.12
2012-02-14,-1.11
2012-02-15,-1.09
2012-02-16,-1.06
2012-02-17,-1.05
2012-02-20,
2012-02-21,-1.06
2012-02-22,-1.11
2012-02-23,-1.16
2012-02-24,-1.14
2012-02-27,-1.18
2012-02-28,-1.15
2012-02-29,-1.12
2012-03-01,-1.1
2012-03-02,-1.11
2012-03-05,-1.07
2012-03-06,-1.09
2012-03-07,-1.13
2012-03-08,-1.12
2012-03-09,-1.17
2012-03-12,-1.14
2012-03-13,-1.14
2012-03-14,-1.02
2012-03-15,-1.02
2012-03-16,-0.99
2012-03-19,-0.93
2012-03-20,-0.93
2012-03-21,-0.96
2012-03-22,-0.93
2012-03-23,-0.94
2012-03-26,-0.93
2012-03-27,-0.97
2012-03-28,-0.98
2012-03-29,-0.98
2012-03-30,-0.98
2012-04-02,-1.01
2012-04-03,-0.94
2012-04-04,-0.91
2012-04-05,-0.94
2012-04-06,-0.96
2012-04-09,-0.94
2012-04-10,-1.02
2012-04-11,-1.06
2012-04-12,-1.01
2012-04-13,-1.05
2012-04-16,-1.04
2012-04-17,-1.03
2012-04-18,-1.01
2012-04-19,-1.07
2012-04-20,-1.1
2012-04-23,-1.12
2012-04-24,-1.15
2012-04-25,-1.16
2012-04-26,-1.21
2012-04-27,-1.24
2012-04-30,-1.24
2012-05-01,-1.22
2012-05-02,-1.22
2012-05-03,-1.19
2012-05-04,-1.15
2012-05-07,-1.15
2012-05-08,-1.18
2012-05-09,-1.17
2012-05-10,-1.17
2012-05-11,-1.16
2012-05-14,-1.18
2012-05-15,-1.18
2012-05-16,-1.14
2012-05-17,-1.13
2012-05-18,-1.1
2012-05-21,-1.11
2012-05-22,-1.09
2012-05-23,-1.06
2012-05-24,-1.02
2012-05-25,-1.02
2012-05-28,
2012-05-29,-1.0
2012-05-30,-1.02
2012-05-31,-1.05
2012-06-01,-1.03
2012-06-04,-1.01
2012-06-05,-1.03
2012-06-06,-1.0
2012-06-07,-1.05
2012-06-08,-1.08
2012-06-11,-1.1
2012-06-12,-1.06
2012-06-13,-1.09
2012-06-14,-1.06
2012-06-15,-1.18
2012-06-18,-1.16
2012-06-19,-1.16
2012-06-20,-1.14
2012-06-21,-1.04
2012-06-22,-0.98
2012-06-25,-0.98
2012-06-26,-0.95
2012-06-27,-0.95
2012-06-28,-0.95
2012-06-29,-1.0
2012-07-02,-1.04
2012-07-03,-1.08
2012-07-04,
2012-07-05,-1.12
2012-07-06,-1.12
2012-07-09,-1.14
2012-07-10,-1.16
2012-07-11,-1.15
2012-07-12,-1.13
2012-07-13,-1.15
2012-07-16,-1.18
2012-07-17,-1.16
2012-07-18,-1.19
2012-07-19,-1.2
2012-07-20,-1.18
2012-07-23,-1.18
2012-07-24,-1.13
2012-07-25,-1.12
2012-07-26,-1.13
2012-07-27,-1.14
2012-07-30,-1.17
2012-07-31,-1.23
2012-08-01,-1.22
2012-08-02,-1.22
2012-08-03,-1.2
2012-08-06,-1.24
2012-08-07,-1.24
2012-08-08,-1.19
2012-08-09,-1.18
2012-08-10,-1.19
2012-08-13,-1.19
2012-08-14,-1.16
2012-08-15,-1.09
2012-08-16,-1.07
2012-08-17,-1.05
2012-08-20,-1.04
2012-08-21,-1.06
2012-08-22,-1.17
2012-08-23,-1.25
2012-08-24,-1.22
2012-08-27,-1.27
2012-08-28,-1.29
2012-08-29,-1.26
2012-08-30,-1.26
2012-08-31,-1.36
2012-09-03,
2012-09-04,-1.35
2012-09-05,-1.36
2012-09-06,-1.33
2012-09-07,-1.39
2012-09-10,-1.42
2012-09-11,-1.44
2012-09-12,-1.42
2012-09-13,-1.58
2012-09-14,-1.67
2012-09-17,-1.58
2012-09-18,-1.52
2012-09-19,-1.49
2012-09-20,-1.51
2012-09-21,-1.5
2012-09-24,-1.47
2012-09-25,-1.49
2012-09-26,-1.46
2012-09-27,-1.47
2012-09-28,-1.49
2012-10-01,-1.49
2012-10-02,-1.51
2012-10-03,-1.57
2012-10-04,-1.62
2012-10-05,-1.61
2012-10-08,
2012-10-09,-1.6
2012-10-10,-1.57
2012-10-11,-1.52
2012-10-12,-1.48
2012-10-15,-1.52
2012-10-16,-1.48
2012-10-17,-1.44
2012-10-18,-1.43
2012-10-19,-1.42
2012-10-22,-1.39
2012-10-23,-1.38
2012-10-24,-1.37
2012-10-25,-1.31
2012-10-26,-1.32
2012-10-29,-1.35
2012-10-30,
2012-10-31,-1.4
2012-11-01,-1.4
2012-11-02,-1.39
2012-11-05,-1.37
2012-11-06,-1.37
2012-11-07,-1.41
2012-11-08,-1.42
2012-11-09,-1.4
2012-11-12,
2012-11-13,-1.41
2012-11-14,-1.39
2012-11-15,-1.38
2012-11-16,-1.39
2012-11-19,-1.39
2012-11-20,-1.38
2012-11-21,-1.36
2012-11-22,
2012-11-23,-1.36
2012-11-26,-1.36
2012-11-27,-1.36
2012-11-28,-1.35
2012-11-29,-1.37
2012-11-30,-1.4
2012-12-03,-1.41
2012-12-04,-1.41
2012-12-05,-1.45
2012-12-06,-1.46
2012-12-07,-1.47
2012-12-10,-1.43
2012-12-11,-1.43
2012-12-12,-1.46
2012-12-13,-1.42
2012-12-14,-1.41
2012-12-17,-1.37
2012-12-18,-1.36
2012-12-19,-1.36
2012-12-20,-1.39
2012-12-21,-1.35
2012-12-24,-1.36
2012-12-25,
2012-12-26,-1.35
2012-12-27,-1.39
2012-12-28,-1.34
2012-12-31,-1.37
2013-01-01,
2013-01-02,-1.36
2013-01-03,-1.3
2013-01-04,-1.31
2013-01-07,-1.34
2013-01-08,-1.36
2013-01-09,-1.41
2013-01-10,-1.4
2013-01-11,-1.4
2013-01-14,-1.34
2013-01-15,-1.45
2013-01-16,-1.43
2013-01-17,-1.4
2013-01-18,-1.43
2013-01-21,
2013-01-22,-1.39
2013-01-23,-1.45
2013-01-24,-1.44
2013-01-25,-1.34
2013-01-28,-1.35
2013-01-29,-1.37
2013-01-30,-1.38
2013-01-31,-1.45
2013-02-01,-1.46
2013-02-04,-1.47
2013-02-05,-1.44
2013-02-06,-1.48
2013-02-07,-1.46
2013-02-08,-1.37
2013-02-11,-1.41
2013-02-12,-1.32
2013-02-13,-1.34
2013-02-14,-1.36
2013-02-15,-1.32
2013-02-18,
2013-02-19,-1.31
2013-02-20,-1.31
2013-02-21,-1.33
2013-02-22,-1.36
2013-02-25,-1.41
2013-02-26,-1.4
2013-02-27,-1.4
2013-02-28,-1.41
2013-03-01,-1.45
2013-03-04,-1.46
2013-03-05,-1.49
2013-03-06,-1.46
2013-03-07,-1.37
2013-03-08,-1.28
2013-03-11,-1.38
2013-03-12,-1.39
2013-03-13,-1.4
2013-03-14,-1.43
2013-03-15,-1.46
2013-03-18,-1.45
2013-03-19,-1.46
2013-03-20,-1.44
2013-03-21,-1.41
2013-03-22,-1.43
2013-03-25,-1.44
2013-03-26,-1.42
2013-03-27,-1.46
2013-03-28,-1.47
2013-03-29,
2013-04-01,-1.47
2013-04-02,-1.44
2013-04-03,-1.45
2013-04-04,-1.44
2013-04-05,-1.42
2013-04-08,-1.43
2013-04-09,-1.36
2013-04-10,-1.36
2013-04-11,-1.38
2013-04-12,-1.41
2013-04-15,-1.33
2013-04-16,-1.31
2013-04-17,-1.27
2013-04-18,-1.29
2013-04-19,-1.32
2013-04-22,-1.34
2013-04-23,-1.33
2013-04-24,-1.37
2013-04-25,-1.41
2013-04-26,-1.43
2013-04-29,-1.42
2013-04-30,-1.38
2013-05-01,-1.33
2013-05-02,-1.34
2013-05-03,-1.3
2013-05-06,-1.31
2013-05-07,-1.3
2013-05-08,-1.28
2013-05-09,-1.27
2013-05-10,-1.23
2013-05-13,-1.19
2013-05-14,-1.18
2013-05-15,-1.17
2013-05-16,-1.18
2013-05-17,-1.14
2013-05-20,-1.15
2013-05-21,-1.15
2013-05-22,-1.06
2013-05-23,-1.02
2013-05-24,-1.03
2013-05-27,
2013-05-28,-0.94
2013-05-29,-0.89
2013-05-30,-0.82
2013-05-31,-0.82
2013-06-03,-0.86
2013-06-04,-0.87
2013-06-05,-0.86
2013-06-06,-0.86
2013-06-07,-0.79
2013-06-10,-0.72
2013-06-11,-0.71
2013-06-12,-0.66
2013-06-13,-0.69
2013-06-14,-0.78
2013-06-17,-0.74
2013-06-18,-0.77
2013-06-19,-0.59
2013-06-20,-0.43
2013-06-21,-0.24
2013-06-24,-0.14
2013-06-25,-0.16
2013-06-26,-0.22
2013-06-27,-0.35
2013-06-28,-0.35
2013-07-01,-0.41
2013-07-02,-0.44
2013-07-03,-0.41
2013-07-04,
2013-07-05,-0.27
2013-07-08,-0.36
2013-07-09,-0.36
2013-07-10,-0.33
2013-07-11,-0.42
2013-07-12,-0.41
2013-07-15,-0.46
2013-07-16,-0.51
2013-07-17,-0.57
2013-07-18,-0.54
2013-07-19,-0.6
2013-07-22,-0.59
2013-07-23,-0.57
2013-07-24,-0.47
2013-07-25,-0.45
2013-07-26,-0.47
2013-07-29,-0.44
2013-07-30,-0.43
2013-07-31,-0.49
2013-08-01,-0.45
2013-08-02,-0.55
2013-08-05,-0.53
2013-08-06,-0.55
2013-08-07,-0.55
2013-08-08,-0.54
2013-08-09,-0.55
2013-08-12,-0.52
2013-08-13,-0.43
2013-08-14,-0.38
2013-08-15,-0.29
2013-08-16,-0.19
2013-08-19,-0.13
2013-08-20,-0.21
2013-08-21,-0.13
2013-08-22,-0.06
2013-08-23,-0.16
2013-08-26,-0.21
2013-08-27,-0.3
2013-08-28,-0.23
2013-08-29,-0.2
2013-08-30,-0.16
2013-09-02,
2013-09-03,-0.08
2013-09-04,0.0
2013-09-05,0.14
2013-09-06,0.06
2013-09-09,0.02
2013-09-10,0.04
2013-09-11,-0.04
2013-09-12,-0.03
2013-09-13,-0.04
2013-09-16,-0.11
2013-09-17,-0.17
2013-09-18,-0.41
2013-09-19,-0.34
2013-09-20,-0.35
2013-09-23,-0.36
2013-09-24,-0.33
2013-09-25,-0.38
2013-09-26,-0.34
2013-09-27,-0.36
2013-09-30,-0.35
2013-10-01,-0.35
2013-10-02,-0.42
2013-10-03,-0.41
2013-10-04,-0.38
2013-10-07,-0.38
2013-10-08,-0.33
2013-10-09,-0.35
2013-10-10,-0.37
2013-10-11,-0.37
2013-10-14,
2013-10-15,-0.34
2013-10-16,-0.38
2013-10-17,-0.42
2013-10-18,-0.43
2013-10-21,-0.41
2013-10-22,-0.46
2013-10-23,-0.46
2013-10-24,-0.45
2013-10-25,-0.47
2013-10-28,-0.48
2013-10-29,-0.47
2013-10-30,-0.47
2013-10-31,-0.43
2013-11-01,-0.33
2013-11-04,-0.35
2013-11-05,-0.33
2013-11-06,-0.43
2013-11-07,-0.45
2013-11-08,-0.35
2013-11-11,
2013-11-12,-0.32
2013-11-13,-0.38
2013-11-14,-0.46
2013-11-15,-0.44
2013-11-18,-0.47
2013-11-19,-0.4
2013-11-20,-0.36
2013-11-21,-0.38
2013-11-22,-0.39
2013-11-25,-0.38
2013-11-26,-0.37
2013-11-27,-0.35
2013-11-28,
2013-11-29,-0.32
2013-12-02,-0.27
2013-12-03,-0.29
2013-12-04,-0.19
2013-12-05,-0.17
2013-12-06,-0.14
2013-12-09,-0.13
2013-12-10,-0.18
2013-12-11,-0.15
2013-12-12,-0.1
2013-12-13,-0.11
2013-12-16,-0.13
2013-12-17,-0.17
2013-12-18,-0.12
2013-12-19,-0.12
2013-12-20,0.02
2013-12-23,0.01
2013-12-24,0.05
2013-12-25,
2013-12-26,0.04
2013-12-27,0.06
2013-12-30,0.07
2013-12-31,0.06
2014-01-01,
2014-01-02,0.01
2014-01-03,0.04
2014-01-06,-0.05
2014-01-07,-0.14
2014-01-08,0.01
2014-01-09,-0.08
2014-01-10,-0.11
2014-01-13,-0.11
2014-01-14,-0.11
2014-01-15,-0.04
2014-01-16,-0.08
2014-01-17,-0.08
2014-01-20,
2014-01-21,-0.04
2014-01-22,-0.07
2014-01-23,-0.1
2014-01-24,-0.1
2014-01-27,-0.11
2014-01-28,-0.12
2014-01-29,-0.2
2014-01-30,-0.21
2014-01-31,-0.23
2014-02-03,-0.26
2014-02-04,-0.31
2014-02-05,-0.28
2014-02-06,-0.3
2014-02-07,-0.3
2014-02-10,-0.31
2014-02-11,-0.26
2014-02-12,-0.24
2014-02-13,-0.26
2014-02-14,-0.14
2014-02-17,
2014-02-18,-0.29
2014-02-19,-0.25
2014-02-20,-0.21
2014-02-21,-0.18
2014-02-24,-0.21
2014-02-25,-0.25
2014-02-26,-0.26
2014-02-27,-0.32
2014-02-28,-0.28
2014-03-03,-0.32
2014-03-04,-0.25
2014-03-05,-0.26
2014-03-06,-0.27
2014-03-07,-0.18
2014-03-10,-0.24
2014-03-11,-0.24
2014-03-12,-0.23
2014-03-13,-0.22
2014-03-14,-0.19
2014-03-17,-0.22
2014-03-18,-0.21
2014-03-19,0.02
2014-03-20,-0.02
2014-03-21,-0.06
2014-03-24,-0.03
2014-03-25,0.06
2014-03-26,-0.05
2014-03-27,-0.03
2014-03-28,0.02
2014-03-31,0.03
2014-04-01,0.03
2014-04-02,0.08
2014-04-03,0.11
2014-04-04,0.0
2014-04-07,0.07
2014-04-08,-0.04
2014-04-09,-0.05
2014-04-10,-0.1
2014-04-11,-0.06
2014-04-14,-0.1
2014-04-15,-0.05
2014-04-16,-0.06
2014-04-17,-0.2
2014-04-18,
2014-04-21,-0.23
2014-04-22,-0.22
2014-04-23,-0.25
2014-04-24,-0.25
2014-04-25,-0.24
2014-04-28,-0.22
2014-04-29,-0.21
2014-04-30,-0.27
2014-05-01,-0.3
2014-05-02,-0.28
2014-05-05,-0.24
2014-05-06,-0.23
2014-05-07,-0.27
2014-05-08,-0.3
2014-05-09,-0.29
2014-05-12,-0.24
2014-05-13,-0.27
2014-05-14,-0.35
2014-05-15,-0.41
2014-05-16,-0.38
2014-05-19,-0.37
2014-05-20,-0.39
2014-05-21,-0.4
2014-05-22,-0.4
2014-05-23,-0.42
2014-05-26,
2014-05-27,-0.39
2014-05-28,-0.44
2014-05-29,-0.44
2014-05-30,-0.39
2014-06-02,-0.33
2014-06-03,-0.27
2014-06-04,-0.25
2014-06-05,-0.29
2014-06-06,-0.27
2014-06-09,-0.26
2014-06-10,-0.23
2014-06-11,-0.24
2014-06-12,-0.29
2014-06-13,-0.23
2014-06-16,-0.21
2014-06-17,-0.2
2014-06-18,-0.27
2014-06-19,-0.31
2014-06-20,-0.31
2014-06-23,-0.31
2014-06-24,-0.35
2014-06-25,-0.35
2014-06-26,-0.38
2014-06-27,-0.39
2014-06-30,-0.38
2014-07-01,-0.34
2014-07-02,-0.3
2014-07-03,-0.29
2014-07-04,
2014-07-07,-0.27
2014-07-08,-0.29
2014-07-09,-0.3
2014-07-10,-0.34
2014-07-11,-0.34
2014-07-14,-0.31
2014-07-15,-0.26
2014-07-16,-0.24
2014-07-17,-0.32
2014-07-18,-0.27
2014-07-21,-0.27
2014-07-22,-0.25
2014-07-23,-0.25
2014-07-24,-0.21
2014-07-25,-0.26
2014-07-28,-0.22
2014-07-29,-0.24
2014-07-30,-0.19
2014-07-31,-0.21
2014-08-01,-0.25
2014-08-04,-0.24
2014-08-05,-0.24
2014-08-06,-0.24
2014-08-07,-0.29
2014-08-08,-0.24
2014-08-11,-0.24
2014-08-12,-0.24
2014-08-13,-0.29
2014-08-14,-0.26
2014-08-15,-0.28
2014-08-18,-0.27
2014-08-19,-0.22
2014-08-20,-0.18
2014-08-21,-0.16
2014-08-22,-0.11
2014-08-25,-0.09
2014-08-26,-0.15
2014-08-27,-0.15
2014-08-28,-0.14
2014-08-29,-0.13
2014-09-01,
2014-09-02,-0.07
2014-09-03,-0.08
2014-09-04,-0.05
2014-09-05,-0.08
2014-09-08,-0.02
2014-09-09,0.05
2014-09-10,0.1
2014-09-11,0.03
2014-09-12,0.08
2014-09-15,0.07
2014-09-16,0.03
2014-09-17,0.19
2014-09-18,0.29
2014-09-19,0.27
2014-09-22,0.2
2014-09-23,0.15
2014-09-24,0.16
2014-09-25,0.13
2014-09-26,0.21
2014-09-29,0.16
2014-09-30,0.22
2014-10-01,0.09
2014-10-02,0.13
2014-10-03,0.17
2014-10-06,0.15
2014-10-07,0.12
2014-10-08,0.03
2014-10-09,0.06
2014-10-10,0.03
2014-10-13,
2014-10-14,0.04
2014-10-15,0.0
2014-10-16,0.02
2014-10-17,0.01
2014-10-20,-0.04
2014-10-21,0.02
2014-10-22,-0.01
2014-10-23,0.09
2014-10-24,0.06
2014-10-27,0.07
2014-10-28,0.06
2014-10-29,0.14
2014-10-30,0.09
2014-10-31,0.09
2014-11-03,0.08
2014-11-04,0.14
2014-11-05,0.09
2014-11-06,0.09
2014-11-07,0.01
2014-11-10,0.07
2014-11-11,
2014-11-12,0.12
2014-11-13,0.16
2014-11-14,0.17
2014-11-17,0.22
2014-11-18,0.21
2014-11-19,0.27
2014-11-20,0.23
2014-11-21,0.19
2014-11-24,0.19
2014-11-25,0.11
2014-11-26,0.12
2014-11-27,
2014-11-28,0.1
2014-12-01,0.13
2014-12-02,0.23
2014-12-03,0.23
2014-12-04,0.23
2014-12-05,0.34
2014-12-08,0.43
2014-12-09,0.29
2014-12-10,0.31
2014-12-11,0.35
2014-12-12,0.33
2014-12-15,0.41
2014-12-16,0.32
2014-12-17,0.39
2014-12-18,0.48
2014-12-19,0.39
2014-12-22,0.38
2014-12-23,0.46
2014-12-24,0.5
2014-12-25,
2014-12-26,0.49
2014-12-29,0.5
2014-12-30,0.47
2014-12-31,0.38
2015-01-01,
2015-01-02,0.31
2015-01-05,0.32
2015-01-06,0.34
2015-01-07,0.31
2015-01-08,0.29
2015-01-09,0.25
2015-01-12,0.23
2015-01-13,0.32
2015-01-14,0.15
2015-01-15,0.04
2015-01-16,0.1
2015-01-19,
2015-01-20,0.12
2015-01-21,0.18
2015-01-22,0.2
2015-01-23,0.12
2015-01-26,0.12
2015-01-27,0.05
2015-01-28,0.01
2015-01-29,-0.03
2015-01-30,-0.11
2015-02-02,-0.13
2015-02-03,-0.12
2015-02-04,-0.06
2015-02-05,-0.08
2015-02-06,0.12
2015-02-09,0.13
2015-02-10,0.2
2015-02-11,0.21
2015-02-12,0.13
2015-02-13,0.21
2015-02-16,
2015-02-17,0.29
2015-02-18,0.2
2015-02-19,0.23
2015-02-20,0.24
2015-02-23,0.22
2015-02-24,0.14
2015-02-25,0.11
2015-02-26,0.05
2015-02-27,0.01
2015-03-02,0.03
2015-03-03,0.04
2015-03-04,-0.01
2015-03-05,0.04
2015-03-06,0.15
2015-03-09,0.19
2015-03-10,0.26
2015-03-11,0.15
2015-03-12,0.18
2015-03-13,0.2
2015-03-16,0.3
2015-03-17,0.22
2015-03-18,0.08
2015-03-19,-0.01
2015-03-20,-0.08
2015-03-23,-0.07
2015-03-24,-0.16
2015-03-25,-0.15
2015-03-26,-0.1
2015-03-27,-0.12
2015-03-30,-0.08
2015-03-31,-0.14
2015-04-01,-0.26
2015-04-02,-0.21
2015-04-03,-0.32
2015-04-06,-0.29
2015-04-07,-0.28
2015-04-08,-0.23
2015-04-09,-0.19
2015-04-10,-0.15
2015-04-13,-0.17
2015-04-14,-0.21
2015-04-15,-0.26
2015-04-16,-0.27
2015-04-17,-0.34
2015-04-20,-0.27
2015-04-21,-0.24
2015-04-22,-0.19
2015-04-23,-0.33
2015-04-24,-0.37
2015-04-27,-0.35
2015-04-28,-0.3
2015-04-29,-0.27
2015-04-30,-0.29
2015-05-01,-0.22
2015-05-04,-0.18
2015-05-05,-0.18
2015-05-06,-0.11
2015-05-07,-0.11
2015-05-08,-0.16
2015-05-11,-0.05
2015-05-12,-0.07
2015-05-13,-0.1
2015-05-14,-0.14
2015-05-15,-0.16
2015-05-18,-0.1
2015-05-19,-0.02
2015-05-20,-0.08
2015-05-21,-0.1
2015-05-22,-0.08
2015-05-25,
2015-05-26,-0.05
2015-05-27,-0.01
2015-05-28,-0.02
2015-05-29,-0.08
2015-06-01,0.0
2015-06-02,0.02
2015-06-03,0.1
2015-06-04,0.06
2015-06-05,0.11
2015-06-08,0.09
2015-06-09,0.09
2015-06-10,0.14
2015-06-11,0.11
2015-06-12,0.11
2015-06-15,0.07
2015-06-16,0.01
2015-06-17,-0.06
2015-06-18,-0.02
2015-06-19,-0.04
2015-06-22,0.03
2015-06-23,0.04
2015-06-24,0.05
2015-06-25,0.07
2015-06-26,0.09
2015-06-29,0.03
2015-06-30,0.02
2015-07-01,0.1
2015-07-02,0.02
2015-07-03,
2015-07-06,-0.01
2015-07-07,-0.02
2015-07-08,-0.04
2015-07-09,0.02
2015-07-10,0.1
2015-07-13,0.15
2015-07-14,0.12
2015-07-15,0.1
2015-07-16,0.14
2015-07-17,0.17
2015-07-20,0.23
2015-07-21,0.2
2015-07-22,0.21
2015-07-23,0.2
2015-07-24,0.24
2015-07-27,0.23
2015-07-28,0.23
2015-07-29,0.22
2015-07-30,0.22
2015-07-31,0.18
2015-08-03,0.21
2015-08-04,0.29
2015-08-05,0.34
2015-08-06,0.31
2015-08-07,0.31
2015-08-10,0.32
2015-08-11,0.26
2015-08-12,0.25
2015-08-13,0.34
2015-08-14,0.36
2015-08-17,0.36
2015-08-18,0.39
2015-08-19,0.33
2015-08-20,0.33
2015-08-21,0.31
2015-08-24,0.28
2015-08-25,0.33
2015-08-26,0.36
2015-08-27,0.29
2015-08-28,0.3
2015-08-31,0.28
2015-09-01,0.31
2015-09-02,0.33
2015-09-03,0.33
2015-09-04,0.33
2015-09-07,
2015-09-08,0.38
2015-09-09,0.38
2015-09-10,0.34
2015-09-11,0.31
2015-09-14,0.32
2015-09-15,0.41
2015-09-16,0.41
2015-09-17,0.26
2015-09-18,0.26
2015-09-21,0.32
2015-09-22,0.29
2015-09-23,0.31
2015-09-24,0.33
2015-09-25,0.37
2015-09-28,0.4
2015-09-29,0.34
2015-09-30,0.3
2015-10-01,0.24
2015-10-02,0.14
2015-10-05,0.17
2015-10-06,0.12
2015-10-07,0.15
2015-10-08,0.14
2015-10-09,0.19
2015-10-12,
2015-10-13,0.18
2015-10-14,0.14
2015-10-15,0.16
2015-10-16,0.18
2015-10-19,0.22
2015-10-20,0.24
2015-10-21,0.24
2015-10-22,0.22
2015-10-23,0.24
2015-10-26,0.25
2015-10-27,0.23
2015-10-28,0.33
2015-10-29,0.34
2015-10-30,0.32
2015-11-02,0.34
2015-11-03,0.32
2015-11-04,0.38
2015-11-05,0.42
2015-11-06,0.48
2015-11-09,0.47
2015-11-10,0.47
2015-11-11,
2015-11-12,0.49
2015-11-13,0.46
2015-11-16,0.46
2015-11-17,0.43
2015-11-18,0.44
2015-11-19,0.41
2015-11-20,0.39
2015-11-23,0.37
2015-11-24,0.33
2015-11-25,0.35
2015-11-26,
2015-11-27,0.33
2015-11-30,0.35
2015-12-01,0.3
2015-12-02,0.36
2015-12-03,0.41
2015-12-04,0.41
2015-12-07,0.42
2015-12-08,0.43
2015-12-09,0.43
2015-12-10,0.48
2015-12-11,0.39
2015-12-14,0.49
2015-12-15,0.49
2015-12-16,0.55
2015-12-17,0.52
2015-12-18,0.46
2015-12-21,0.48
2015-12-22,0.52
2015-12-23,0.49
2015-12-24,0.5
2015-12-25,
2015-12-28,0.49
2015-12-29,0.53
2015-12-30,0.52
2015-12-31,0.45
2016-01-01,
2016-01-04,0.42
2016-01-05,0.42
2016-01-06,0.39
2016-01-07,0.36
2016-01-08,0.34
2016-01-11,0.39
2016-01-12,0.36
2016-01-13,0.33
2016-01-14,0.32
2016-01-15,0.34
2016-01-18,
2016-01-19,0.33
2016-01-20,0.34
2016-01-21,0.36
2016-01-22,0.34
2016-01-25,0.32
2016-01-26,0.28
2016-01-27,0.25
2016-01-28,0.2
2016-01-29,0.14
2016-02-01,0.18
2016-02-02,0.14
2016-02-03,0.11
2016-02-04,0.12
2016-02-05,0.18
2016-02-08,0.19
2016-02-09,0.22
2016-02-10,0.2
2016-02-11,0.17
2016-02-12,0.17
2016-02-15,
2016-02-16,0.2
2016-02-17,0.22
2016-02-18,0.19
2016-02-19,0.18
2016-02-22,0.14
2016-02-23,0.1
2016-02-24,0.06
2016-02-25,-0.02
2016-02-26,0.03
2016-02-29,-0.01
2016-03-01,0.02
2016-03-02,0.0
2016-03-03,-0.03
2016-03-04,0.02
2016-03-07,0.06
2016-03-08,0.01
2016-03-09,0.02
2016-03-10,0.1
2016-03-11,0.08
2016-03-14,0.11
2016-03-15,0.15
2016-03-16,-0.04
2016-03-17,-0.07
2016-03-18,-0.13
2016-03-21,-0.12
2016-03-22,-0.06
2016-03-23,-0.07
2016-03-24,-0.03
2016-03-25,
2016-03-28,-0.03
2016-03-29,-0.18
2016-03-30,-0.26
2016-03-31,-0.28
2016-04-01,-0.25
2016-04-04,-0.26
2016-04-05,-0.26
2016-04-06,-0.23
2016-04-07,-0.27
2016-04-08,-0.27
2016-04-11,-0.25
2016-04-12,-0.17
2016-04-13,-0.21
2016-04-14,-0.16
2016-04-15,-0.2
2016-04-18,-0.17
2016-04-19,-0.2
2016-04-20,-0.17
2016-04-21,-0.21
2016-04-22,-0.19
2016-04-25,-0.18
2016-04-26,-0.16
2016-04-27,-0.24
2016-04-28,-0.33
2016-04-29,-0.32
2016-05-02,-0.26
2016-05-03,-0.29
2016-05-04,-0.29
2016-05-05,-0.32
2016-05-06,-0.28
2016-05-09,-0.3
2016-05-10,-0.33
2016-05-11,-0.33
2016-05-12,-0.29
2016-05-13,-0.3
2016-05-16,-0.27
2016-05-17,-0.27
2016-05-18,-0.13
2016-05-19,-0.13
2016-05-20,-0.13
2016-05-23,-0.11
2016-05-24,-0.1
2016-05-25,-0.11
2016-05-26,-0.16
2016-05-27,-0.12
2016-05-30,
2016-05-31,-0.1
2016-06-01,-0.08
2016-06-02,-0.12
2016-06-03,-0.22
2016-06-06,-0.24
2016-06-07,-0.28
2016-06-08,-0.31
2016-06-09,-0.31
2016-06-10,-0.32
2016-06-13,-0.31
2016-06-14,-0.3
2016-06-15,-0.37
2016-06-16,-0.32
2016-06-17,-0.3
2016-06-20,-0.26
2016-06-21,-0.19
2016-06-22,-0.21
2016-06-23,-0.22
2016-06-24,-0.28
2016-06-27,-0.27
2016-06-28,-0.32
2016-06-29,-0.33
2016-06-30,-0.37
2016-07-01,-0.43
2016-07-04,
2016-07-05,-0.45
2016-07-06,-0.46
2016-07-07,-0.44
2016-07-08,-0.44
2016-07-11,-0.38
2016-07-12,-0.36
2016-07-13,-0.36
2016-07-14,-0.34
2016-07-15,-0.29
2016-07-18,-0.27
2016-07-19,-0.27
2016-07-20,-0.25
2016-07-21,-0.27
2016-07-22,-0.23
2016-07-25,-0.19
2016-07-26,-0.18
2016-07-27,-0.21
2016-07-28,-0.24
2016-07-29,-0.28
2016-08-01,-0.21
2016-08-02,-0.18
2016-08-03,-0.21
2016-08-04,-0.27
2016-08-05,-0.2
2016-08-08,-0.19
2016-08-09,-0.19
2016-08-10,-0.2
2016-08-11,-0.16
2016-08-12,-0.19
2016-08-15,-0.16
2016-08-16,-0.12
2016-08-17,-0.16
2016-08-18,-0.2
2016-08-19,-0.17
2016-08-22,-0.19
2016-08-23,-0.19
2016-08-24,-0.19
2016-08-25,-0.17
2016-08-26,-0.08
2016-08-29,-0.11
2016-08-30,-0.1
2016-08-31,-0.08
2016-09-01,-0.06
2016-09-02,-0.08
2016-09-05,
2016-09-06,-0.16
2016-09-07,-0.18
2016-09-08,-0.15
2016-09-09,-0.09
2016-09-12,-0.12
2016-09-13,-0.05
2016-09-14,-0.09
2016-09-15,-0.11
2016-09-16,-0.13
2016-09-19,-0.13
2016-09-20,-0.13
2016-09-21,-0.17
2016-09-22,-0.22
2016-09-23,-0.26
2016-09-26,-0.27
2016-09-27,-0.26
2016-09-28,-0.31
2016-09-29,-0.32
2016-09-30,-0.31
2016-10-03,-0.29
2016-10-04,-0.23
2016-10-05,-0.22
2016-10-06,-0.21
2016-10-07,-0.24
2016-10-10,
2016-10-11,-0.21
2016-10-12,-0.2
2016-10-13,-0.23
2016-10-14,-0.25
2016-10-17,-0.29
2016-10-18,-0.3
2016-10-19,-0.32
2016-10-20,-0.3
2016-10-21,-0.31
2016-10-24,-0.26
2016-10-25,-0.28
2016-10-26,-0.28
2016-10-27,-0.24
2016-10-28,-0.27
2016-10-31,-0.28
2016-11-01,-0.29
2016-11-02,-0.29
2016-11-03,-0.26
2016-11-04,-0.28
2016-11-07,-0.27
2016-11-08,-0.23
2016-11-09,-0.18
2016-11-10,-0.14
2016-11-11,
2016-11-14,0.01
2016-11-15,0.01
2016-11-16,0.02
2016-11-17,0.02
2016-11-18,0.06
2016-11-21,0.05
2016-11-22,0.02
2016-11-23,0.09
2016-11-24,
2016-11-25,0.09
2016-11-28,0.11
2016-11-29,0.09
2016-11-30,0.06
2016-12-01,0.09
2016-12-02,0.08
2016-12-05,0.05
2016-12-06,0.04
2016-12-07,0.02
2016-12-08,0.0
2016-12-09,0.06
2016-12-12,0.04
2016-12-13,0.06
2016-12-14,0.2
2016-12-15,0.32
2016-12-16,0.32
2016-12-19,0.29
2016-12-20,0.26
2016-12-21,0.3
2016-12-22,0.18
2016-12-23,0.2
2016-12-26,
2016-12-27,0.19
2016-12-28,0.17
2016-12-29,0.15
2016-12-30,0.09
2017-01-02,
2017-01-03,0.08
2017-01-04,0.08
2017-01-05,0.03
2017-01-06,0.08
2017-01-09,0.04
2017-01-10,0.05
2017-01-11,0.04
2017-01-12,0.0
2017-01-13,0.05
2017-01-16,
2017-01-17,0.0
2017-01-18,0.07
2017-01-19,0.07
2017-01-20,0.03
2017-01-23,0.02
2017-01-24,0.01
2017-01-25,0.03
2017-01-26,0.01
2017-01-27,-0.02
2017-01-30,-0.01
2017-01-31,-0.04
2017-02-01,0.01
2017-02-02,-0.01
2017-02-03,0.02
2017-02-06,-0.05
2017-02-07,-0.02
2017-02-08,-0.01
2017-02-09,0.02
2017-02-10,0.02
2017-02-13,0.05
2017-02-14,0.11
2017-02-15,0.08
2017-02-16,0.05
2017-02-17,0.07
2017-02-20,
2017-02-21,0.06
2017-02-22,0.0
2017-02-23,-0.03
2017-02-24,-0.1
2017-02-27,0.01
2017-02-28,0.0
2017-03-01,0.15
2017-03-02,0.19
2017-03-03,0.1
2017-03-06,0.12
2017-03-07,0.13
2017-03-08,0.18
2017-03-09,0.24
2017-03-10,0.21
2017-03-13,0.28
2017-03-14,0.25
2017-03-15,0.18
2017-03-16,0.18
2017-03-17,0.14
2017-03-20,0.14
2017-03-21,0.16
2017-03-22,0.16
2017-03-23,0.2
2017-03-24,0.2
2017-03-27,0.18
2017-03-28,0.24
2017-03-29,0.13
2017-03-30,0.15
2017-03-31,0.16
2017-04-03,0.15
2017-04-04,0.11
2017-04-05,0.08
2017-04-06,0.16
2017-04-07,0.22
2017-04-10,0.22
2017-04-11,0.14
2017-04-12,0.12
2017-04-13,0.03
2017-04-14,
2017-04-17,0.1
2017-04-18,0.06
2017-04-19,0.08
2017-04-20,-0.04
2017-04-21,-0.02
2017-04-24,0.0
2017-04-25,0.02
2017-04-26,0.01
2017-04-27,0.0
2017-04-28,0.0
2017-05-01,0.04
2017-05-02,0.04
2017-05-03,0.1
2017-05-04,0.16
2017-05-05,0.14
2017-05-08,0.16
2017-05-09,0.2
2017-05-10,0.16
2017-05-11,0.11
2017-05-12,0.1
2017-05-15,0.12
2017-05-16,0.12
2017-05-17,0.06
2017-05-18,0.06
2017-05-19,0.04
2017-05-22,0.05
2017-05-23,0.07
2017-05-24,0.06
2017-05-25,0.08
2017-05-26,0.06
2017-05-29,
2017-05-30,0.03
2017-05-31,0.03
2017-06-01,0.03
2017-06-02,-0.01
2017-06-05,0.02
2017-06-06,0.0
2017-06-07,0.05
2017-06-08,0.06
2017-06-09,0.09
2017-06-12,0.11
2017-06-13,0.12
2017-06-14,0.15
2017-06-15,0.2
2017-06-16,0.19
2017-06-19,0.24
2017-06-20,0.23
2017-06-21,0.24
2017-06-22,0.19
2017-06-23,0.18
2017-06-26,0.16
2017-06-27,0.21
2017-06-28,0.16
2017-06-29,0.23
2017-06-30,0.26
2017-07-03,0.27
2017-07-04,
2017-07-05,0.27
2017-07-06,0.28
2017-07-07,0.32
2017-07-10,0.33
2017-07-11,0.31
2017-07-12,0.25
2017-07-13,0.25
2017-07-14,0.25
2017-07-17,0.22
2017-07-18,0.2
2017-07-19,0.18
2017-07-20,0.2
2017-07-21,0.19
2017-07-24,0.21
2017-07-25,0.23
2017-07-26,0.17
2017-07-27,0.16
2017-07-28,0.15
2017-07-31,0.17
2017-08-01,0.18
2017-08-02,0.19
2017-08-03,0.17
2017-08-04,0.17
2017-08-07,0.16
2017-08-08,0.15
2017-08-09,0.11
2017-08-10,0.1
2017-08-11,0.1
2017-08-14,0.18
2017-08-15,0.2
2017-08-16,0.17
2017-08-17,0.15
2017-08-18,0.16
2017-08-21,0.17
2017-08-22,0.19
2017-08-23,0.18
2017-08-24,0.18
2017-08-25,0.2
2017-08-28,0.18
2017-08-29,0.16
2017-08-30,0.15
2017-08-31,0.12
2017-09-01,0.1
2017-09-04,
2017-09-05,0.07
2017-09-06,0.09
2017-09-07,0.02
2017-09-08,0.01
2017-09-11,0.08
2017-09-12,0.08
2017-09-13,0.1
2017-09-14,0.09
2017-09-15,0.09
2017-09-18,0.09
2017-09-19,0.1
2017-09-20,0.18
2017-09-21,0.19
2017-09-22,0.17
2017-09-25,0.13
2017-09-26,0.15
2017-09-27,0.17
2017-09-28,0.16
2017-09-29,0.24
2017-10-02,0.21
2017-10-03,0.24
2017-10-04,0.19
2017-10-05,0.2
2017-10-06,0.19
2017-10-09,
2017-10-10,0.2
2017-10-11,0.2
2017-10-12,0.16
2017-10-13,0.2
2017-10-16,0.29
2017-10-17,0.28
2017-10-18,0.3
2017-10-19,0.32
2017-10-20,0.27
2017-10-23,0.32
2017-10-24,0.32
2017-10-25,0.32
2017-10-26,0.31
2017-10-27,0.27
2017-10-30,0.23
2017-10-31,0.22
2017-11-01,0.3
2017-11-02,0.21
2017-11-03,0.25
2017-11-06,0.22
2017-11-07,0.19
2017-11-08,0.24
2017-11-09,0.21
2017-11-10,0.28
2017-11-13,0.29
2017-11-14,0.27
2017-11-15,0.26
2017-11-16,0.28
2017-11-17,0.31
2017-11-20,0.35
2017-11-21,0.36
2017-11-22,0.3
2017-11-23,
2017-11-24,0.36
2017-11-27,0.37
2017-11-28,0.38
2017-11-29,0.4
2017-11-30,0.41
2017-12-01,0.41
2017-12-04,0.39
2017-12-05,0.46
2017-12-06,0.37
2017-12-07,0.4
2017-12-08,0.43
2017-12-11,0.4
2017-12-12,0.4
2017-12-13,0.38
2017-12-14,0.38
2017-12-15,0.39
2017-12-18,0.46
2017-12-19,0.49
2017-12-20,0.5
2017-12-21,0.42
2017-12-22,0.44
2017-12-25,
2017-12-26,0.49
2017-12-27,0.4
2017-12-28,0.37
2017-12-29,0.34
2018-01-01,
2018-01-02,0.35
2018-01-03,0.38
2018-01-04,0.35
2018-01-05,0.34
2018-01-08,0.38
2018-01-09,0.38
2018-01-10,0.38
2018-01-11,0.43
2018-01-12,0.43
2018-01-15,
2018-01-16,0.42
2018-01-17,0.49
2018-01-18,0.44
2018-01-19,0.45
2018-01-22,0.46
2018-01-23,0.51
2018-01-24,0.47
2018-01-25,0.5
2018-01-26,0.54
2018-01-29,0.57
2018-01-30,0.54
2018-01-31,0.54
2018-02-01,0.63
2018-02-02,0.65
2018-02-05,0.55
2018-02-06,0.64
2018-02-07,0.67
2018-02-08,0.68
2018-02-09,0.69
2018-02-12,0.72
2018-02-13,0.66
2018-02-14,0.74
2018-02-15,0.65
2018-02-16,0.63
2018-02-19,
2018-02-20,0.61
2018-02-21,0.63
2018-02-22,0.6
2018-02-23,0.58
2018-02-26,0.53
2018-02-27,0.58
2018-02-28,0.61
2018-03-01,0.55
2018-03-02,0.6
2018-03-05,0.6
2018-03-06,0.55
2018-03-07,0.55
2018-03-08,0.55
2018-03-09,0.69
2018-03-12,0.62
2018-03-13,0.57
2018-03-14,0.57
2018-03-15,0.55
2018-03-16,0.6
2018-03-19,0.61
2018-03-20,0.64
2018-03-21,0.73
2018-03-22,0.6
2018-03-23,0.6
2018-03-26,0.63
2018-03-27,0.64
2018-03-28,0.68
2018-03-29,0.64
2018-03-30,
2018-04-02,0.56
2018-04-03,0.61
2018-04-04,0.57
2018-04-05,0.71
2018-04-06,0.57
2018-04-09,0.58
2018-04-10,0.62
2018-04-11,0.56
2018-04-12,0.62
2018-04-13,0.66
2018-04-16,0.61
2018-04-17,0.67
2018-04-18,0.69
2018-04-19,0.65
2018-04-20,0.7
2018-04-23,0.72
2018-04-24,0.73
2018-04-25,0.75
2018-04-26,0.72
2018-04-27,0.71
2018-04-30,0.69
2018-05-01,0.73
2018-05-02,0.71
2018-05-03,0.69
2018-05-04,0.69
2018-05-07,0.67
2018-05-08,0.71
2018-05-09,0.71
2018-05-10,0.71
2018-05-11,0.71
2018-05-14,0.73
2018-05-15,0.77
2018-05-16,0.78
2018-05-17,0.78
2018-05-18,0.76
2018-05-21,0.75
2018-05-22,0.77
2018-05-23,0.71
2018-05-24,0.71
2018-05-25,0.72
2018-05-28,
2018-05-29,0.6
2018-05-30,0.67
2018-05-31,0.65
2018-06-01,0.68
2018-06-04,0.72
2018-06-05,0.71
2018-06-06,0.75
2018-06-07,0.69
2018-06-08,0.71
2018-06-11,0.72
2018-06-12,0.74
2018-06-13,0.76
2018-06-14,0.74
2018-06-15,0.73
2018-06-18,0.72
2018-06-19,0.7
2018-06-20,0.74
2018-06-21,0.72
2018-06-22,0.7
2018-06-25,0.69
2018-06-26,0.68
2018-06-27,0.64
2018-06-28,0.66
2018-06-29,0.67
2018-07-02,0.68
2018-07-03,0.64
2018-07-04,
2018-07-05,0.64
2018-07-06,0.63
2018-07-09,0.65
2018-07-10,0.68
2018-07-11,0.67
2018-07-12,0.69
2018-07-13,0.66
2018-07-16,0.7
2018-07-17,0.73
2018-07-18,0.74
2018-07-19,0.73
2018-07-20,0.75
2018-07-23,0.82
2018-07-24,0.83
2018-07-25,0.81
2018-07-26,0.86
2018-07-27,0.84
2018-07-30,0.84
2018-07-31,0.85
2018-08-01,0.87
2018-08-02,0.86
2018-08-03,0.82
2018-08-06,0.82
2018-08-07,0.84
2018-08-08,0.85
2018-08-09,0.83
2018-08-10,0.77
2018-08-13,0.76
2018-08-14,0.78
2018-08-15,0.76
2018-08-16,0.78
2018-08-17,0.79
2018-08-20,0.75
2018-08-21,0.76
2018-08-22,0.74
2018-08-23,0.73
2018-08-24,0.73
2018-08-27,0.74
2018-08-28,0.78
2018-08-29,0.78
2018-08-30,0.76
2018-08-31,0.76
2018-09-03,
2018-09-04,0.79
2018-09-05,0.79
2018-09-06,0.79
2018-09-07,0.84
2018-09-10,0.85
2018-09-11,0.86
2018-09-12,0.85
2018-09-13,0.89
2018-09-14,0.9
2018-09-17,0.9
2018-09-18,0.93
2018-09-19,0.94
2018-09-20,0.94
2018-09-21,0.93
2018-09-24,0.93
2018-09-25,0.94
2018-09-26,0.92
2018-09-27,0.92
2018-09-28,0.91
2018-10-01,0.92
2018-10-02,0.91
2018-10-03,0.95
2018-10-04,0.99
2018-10-05,1.02
2018-10-08,
2018-10-09,1.0
2018-10-10,1.01
2018-10-11,1.01
2018-10-12,1.01
2018-10-15,1.01
2018-10-16,1.01
2018-10-17,1.04
2018-10-18,1.04
2018-10-19,1.07
2018-10-22,1.07
2018-10-23,1.07
2018-10-24,1.01
2018-10-25,1.07
2018-10-26,0.98
2018-10-29,0.99
2018-10-30,1.03
2018-10-31,1.08
2018-11-01,1.08
2018-11-02,1.13
2018-11-05,1.12
2018-11-06,1.13
2018-11-07,1.14
2018-11-08,1.17
2018-11-09,1.15
2018-11-12,
2018-11-13,1.11
2018-11-14,1.1
2018-11-15,1.09
2018-11-16,1.02
2018-11-19,1.02
2018-11-20,1.06
2018-11-21,1.08
2018-11-22,
2018-11-23,1.11
2018-11-26,1.12
2018-11-27,1.16
2018-11-28,1.13
2018-11-29,1.06
2018-11-30,1.07
2018-12-03,1.07
2018-12-04,1.05
2018-12-05,
2018-12-06,1.06
2018-12-07,1.02
2018-12-10,1.06
2018-12-11,1.13
2018-12-12,1.15
2018-12-13,1.13
2018-12-14,1.13
2018-12-17,1.11
2018-12-18,1.07
2018-12-19,1.06
2018-12-20,1.12
2018-12-21,1.09
2018-12-24,1.06
2018-12-25,
2018-12-26,1.1
2018-12-27,1.07
2018-12-28,1.04
2018-12-31,1.0
2019-01-01,
2019-01-02,1.0
2019-01-03,0.88
2019-01-04,0.91
2019-01-07,0.92
2019-01-08,0.92
2019-01-09,0.89
2019-01-10,0.91
2019-01-11,0.86
2019-01-14,0.89
2019-01-15,0.9
2019-01-16,0.9
2019-01-17,0.94
2019-01-18,0.95
2019-01-21,
2019-01-22,0.94
2019-01-23,0.95
2019-01-24,0.93
2019-01-25,0.95
2019-01-28,0.96
2019-01-29,0.93
2019-01-30,0.81
2019-01-31,0.73
2019-02-01,0.79
2019-02-04,0.81
2019-02-05,0.79
2019-02-06,0.79
2019-02-07,0.77
2019-02-08,0.75
2019-02-11,0.78
2019-02-12,0.78
2019-02-13,0.77
2019-02-14,0.74
2019-02-15,0.74
2019-02-18,
2019-02-19,0.71
2019-02-20,0.68
2019-02-21,0.71
2019-02-22,0.65
2019-02-25,0.66
2019-02-26,0.63
2019-02-27,0.65
2019-02-28,0.68
2019-03-01,0.71
2019-03-04,0.69
2019-03-05,0.7
2019-03-06,0.68
2019-03-07,0.64
2019-03-08,0.62
2019-03-11,0.62
2019-03-12,0.6
2019-03-13,0.58
2019-03-14,0.58
2019-03-15,0.54
2019-03-18,0.54
2019-03-19,0.57
2019-03-20,0.46
2019-03-21,0.48
2019-03-22,0.44
2019-03-25,0.44
2019-03-26,0.43
2019-03-27,0.44
2019-03-28,0.48
2019-03-29,0.45
2019-04-01,0.49
2019-04-02,0.47
2019-04-03,0.51
2019-04-04,0.51
2019-04-05,0.52
2019-04-08,0.52
2019-04-09,0.51
2019-04-10,0.45
2019-04-11,0.49
2019-04-12,0.52
2019-04-15,0.52
2019-04-16,0.55
2019-04-17,0.56
2019-04-18,0.52
2019-04-19,
2019-04-22,0.52
2019-04-23,0.49
2019-04-24,0.45
2019-04-25,0.47
2019-04-26,0.43
2019-04-29,0.46
2019-04-30,0.43
2019-05-01,0.48
2019-05-02,0.56
2019-05-03,0.53
2019-05-06,0.49
2019-05-07,0.49
2019-05-08,0.53
2019-05-09,0.52
2019-05-10,0.51
2019-05-13,0.45
2019-05-14,0.45
2019-05-15,0.41
2019-05-16,0.43
2019-05-17,0.46
2019-05-20,0.5
2019-05-21,0.51
2019-05-22,0.51
2019-05-23,0.49
2019-05-24,0.5
2019-05-27,
2019-05-28,0.48
2019-05-29,0.46
2019-05-30,0.44
2019-05-31,0.35
2019-06-03,0.27
2019-06-04,0.3
2019-06-05,0.27
2019-06-06,0.3
2019-06-07,0.24
2019-06-10,0.31
2019-06-11,0.35
2019-06-12,0.35
2019-06-13,0.33
2019-06-14,0.37
2019-06-17,0.4
2019-06-18,0.34
2019-06-19,0.24
2019-06-20,0.16
2019-06-21,0.2
2019-06-24,0.18
2019-06-25,0.21
2019-06-26,0.24
2019-06-27,0.23
2019-06-28,0.23
2019-07-01,0.26
2019-07-02,0.25
2019-07-03,0.23
2019-07-04,
2019-07-05,0.29
2019-07-08,0.31
2019-07-09,0.32
2019-07-10,0.23
2019-07-11,0.25
2019-07-12,0.24
2019-07-15,0.23
2019-07-16,0.25
2019-07-17,0.23
2019-07-18,0.18
2019-07-19,0.2
2019-07-22,0.21
2019-07-23,0.22
2019-07-24,0.23
2019-07-25,0.25
2019-07-26,0.28
2019-07-29,0.27
2019-07-30,0.26
2019-07-31,0.28
2019-08-01,0.21
2019-08-02,0.21
2019-08-05,0.16
2019-08-06,0.13
2019-08-07,0.14
2019-08-08,0.11
2019-08-09,0.13
2019-08-12,0.1
2019-08-13,0.13
2019-08-14,0.15
2019-08-15,0.08
2019-08-16,0.08
2019-08-19,0.11
2019-08-20,0.08
2019-08-21,0.13
2019-08-22,0.15
2019-08-23,0.05
2019-08-26,0.09
2019-08-27,0.04
2019-08-28,0.01
2019-08-29,0.01
2019-08-30,0.04
2019-09-02,
2019-09-03,0.06
2019-09-04,0.01
2019-09-05,0.08
2019-09-06,0.07
2019-09-09,0.11
2019-09-10,0.18
2019-09-11,0.2
2019-09-12,0.22
2019-09-13,0.29
2019-09-16,0.21
2019-09-17,0.2
2019-09-18,0.28
2019-09-19,0.25
2019-09-20,0.19
2019-09-23,0.17
2019-09-24,0.13
2019-09-25,0.19
2019-09-26,0.19
2019-09-27,0.2
2019-09-30,0.2
2019-10-01,0.18
2019-10-02,0.14
2019-10-03,0.09
2019-10-04,0.07
2019-10-07,0.11
2019-10-08,0.11
2019-10-09,0.16
2019-10-10,0.19
2019-10-11,0.25
2019-10-14,
2019-10-15,0.26
2019-10-16,0.22
2019-10-17,0.05
2019-10-18,0.04
2019-10-21,0.08
2019-10-22,0.07
2019-10-23,0.06
2019-10-24,0.06
2019-10-25,0.07
2019-10-28,0.13
2019-10-29,0.15
2019-10-30,0.14
2019-10-31,0.07
2019-11-01,0.05
2019-11-04,0.04
2019-11-05,0.08
2019-11-06,0.06
2019-11-07,0.13
2019-11-08,0.11
2019-11-11,
2019-11-12,0.13
2019-11-13,0.11
2019-11-14,0.09
2019-11-15,0.13
2019-11-18,0.09
2019-11-19,0.1
2019-11-20,0.07
2019-11-21,0.09
2019-11-22,0.09
2019-11-25,0.09
2019-11-26,0.06
2019-11-27,0.09
2019-11-28,
2019-11-29,0.12
2019-12-02,0.11
2019-12-03,0.03
2019-12-04,0.06
2019-12-05,0.07
2019-12-06,0.08
2019-12-09,0.08
2019-12-10,0.09
2019-12-11,0.04
2019-12-12,0.11
2019-12-13,0.04
2019-12-16,0.08
2019-12-17,0.06
2019-12-18,0.06
2019-12-19,0.05
2019-12-20,0.06
2019-12-23,0.08
2019-12-24,0.05
2019-12-25,
2019-12-26,0.06
2019-12-27,0.04
2019-12-30,0.02
2019-12-31,0.01
2020-01-01,
2020-01-02,-0.05
2020-01-03,-0.1
2020-01-06,-0.08
2020-01-07,-0.05
2020-01-08,-0.01
2020-01-09,-0.02
2020-01-10,-0.04
2020-01-13,-0.05
2020-01-14,-0.07
2020-01-15,-0.07
2020-01-16,-0.05
2020-01-17,-0.05
2020-01-20,
2020-01-21,-0.09
2020-01-22,-0.07
2020-01-23,-0.09
2020-01-24,-0.11
2020-01-27,-0.12
2020-01-28,-0.12
2020-01-29,-0.17
2020-01-30,-0.2
2020-01-31,-0.28
2020-02-03,-0.21
2020-02-04,-0.16
2020-02-05,-0.15
2020-02-06,-0.16
2020-02-07,-0.2
2020-02-10,-0.24
2020-02-11,-0.2
2020-02-12,-0.19
2020-02-13,-0.22
2020-02-14,-0.22
2020-02-17,
2020-02-18,-0.25
2020-02-19,-0.24
2020-02-20,-0.26
2020-02-21,-0.3
2020-02-24,-0.36
2020-02-25,-0.36
2020-02-26,-0.36
2020-02-27,-0.37
2020-02-28,-0.44
2020-03-02,-0.44
2020-03-03,-0.57
2020-03-04,-0.59
2020-03-05,-0.61
2020-03-06,-0.56
2020-03-09,-0.34
2020-03-10,-0.14
2020-03-11,-0.03
2020-03-12,0.03
2020-03-13,0.17
2020-03-16,0.19
2020-03-17,0.5
2020-03-18,0.63
2020-03-19,0.52
2020-03-20,0.21
2020-03-23,0.01
2020-03-24,-0.03
2020-03-25,-0.13
2020-03-26,-0.21
2020-03-27,-0.13
2020-03-30,-0.18
2020-03-31,-0.12
2020-04-01,-0.19
2020-04-02,-0.34
2020-04-03,-0.39
2020-04-06,-0.41
2020-04-07,-0.38
2020-04-08,-0.4
2020-04-09,-0.49
2020-04-10,
2020-04-13,-0.5
2020-04-14,-0.52
2020-04-15,-0.53
2020-04-16,-0.35
2020-04-17,-0.31
2020-04-20,-0.21
2020-04-21,-0.24
2020-04-22,-0.32
2020-04-23,-0.3
2020-04-24,-0.36
2020-04-27,-0.37
2020-04-28,-0.39
2020-04-29,-0.42
2020-04-30,-0.36
2020-05-01,-0.32
2020-05-04,-0.33
2020-05-05,-0.35
2020-05-06,-0.34
2020-05-07,-0.41
2020-05-08,-0.41
2020-05-11,-0.39
2020-05-12,-0.38
2020-05-13,-0.4
2020-05-14,-0.4
2020-05-15,-0.44
2020-05-18,-0.46
2020-05-19,-0.47
2020-05-20,-0.49
2020-05-21,-0.46
2020-05-22,-0.46
2020-05-25,
2020-05-26,-0.47
2020-05-27,-0.48
2020-05-28,-0.52
2020-05-29,-0.53
2020-06-01,-0.53
2020-06-02,-0.52
2020-06-03,-0.5
2020-06-04,-0.48
2020-06-05,-0.48
2020-06-08,-0.53
2020-06-09,-0.58
2020-06-10,-0.67
2020-06-11,-0.63
2020-06-12,-0.62
2020-06-15,-0.65
2020-06-16,-0.68
2020-06-17,-0.67
2020-06-18,-0.78
2020-06-19,-0.73
2020-06-22,-0.77
2020-06-23,-0.81
2020-06-24,-0.77
2020-06-25,-0.79
2020-06-26,-0.81
2020-06-29,-0.86
2020-06-30,-0.87
2020-07-01,-0.86
2020-07-02,-0.92
2020-07-03,
2020-07-06,-0.97
2020-07-07,-0.97
2020-07-08,-0.95
2020-07-09,-0.94
2020-07-10,-0.95
2020-07-13,-0.97
2020-07-14,-0.99
2020-07-15,-1.0
2020-07-16,-1.02
2020-07-17,-1.06
2020-07-20,-1.08
2020-07-21,-1.13
2020-07-22,-1.13
2020-07-23,-1.1
2020-07-24,-1.08
2020-07-27,-1.08
2020-07-28,-1.1
2020-07-29,-1.13
2020-07-30,-1.14
2020-07-31,-1.19
2020-08-03,-1.24
2020-08-04,-1.26
2020-08-05,-1.3
2020-08-06,-1.32
2020-08-07,-1.27
2020-08-10,-1.25
2020-08-11,-1.23
2020-08-12,-1.26
2020-08-13,-1.24
2020-08-14,-1.24
2020-08-17,-1.25
2020-08-18,-1.28
2020-08-19,-1.26
2020-08-20,-1.22
2020-08-21,-1.25
2020-08-24,-1.29
2020-08-25,-1.3
2020-08-26,-1.35
2020-08-27,-1.34
2020-08-28,-1.4
2020-08-31,-1.41
2020-09-01,-1.39
2020-09-02,-1.35
2020-09-03,-1.29
2020-09-04,-1.27
2020-09-07,
2020-09-08,-1.27
2020-09-09,-1.29
2020-09-10,-1.28
2020-09-11,-1.27
2020-09-14,-1.27
2020-09-15,-1.27
2020-09-16,-1.29
2020-09-17,-1.29
2020-09-18,-1.29
2020-09-21,-1.23
2020-09-22,-1.23
2020-09-23,-1.2
2020-09-24,-1.18
2020-09-25,-1.17
2020-09-28,-1.22
2020-09-29,-1.25
2020-09-30,-1.22
2020-10-01,-1.21
2020-10-02,-1.2
2020-10-05,-1.19
2020-10-06,-1.19
2020-10-07,-1.19
2020-10-08,-1.23
2020-10-09,-1.22
2020-10-12,
2020-10-13,-1.21
2020-10-14,-1.22
2020-10-15,-1.2
2020-10-16,-1.21
2020-10-19,-1.19
2020-10-20,-1.19
2020-10-21,-1.2
2020-10-22,-1.3
2020-10-23,-1.29
2020-10-26,-1.28
2020-10-27,-1.3
2020-10-28,-1.27
2020-10-29,-1.23
2020-10-30,-1.21
2020-11-02,-1.22
2020-11-03,-1.23
2020-11-04,-1.23
2020-11-05,-1.22
2020-11-06,-1.18
2020-11-09,-1.19
2020-11-10,-1.23
2020-11-11,
2020-11-12,-1.23
2020-11-13,-1.23
2020-11-16,-1.23
2020-11-17,-1.24
2020-11-18,-1.23
2020-11-19,-1.23
2020-11-20,-1.23
2020-11-23,-1.23
2020-11-24,-1.26
2020-11-25,-1.28
2020-11-26,
2020-11-27,-1.3
2020-11-30,-1.32
2020-12-01,-1.3
2020-12-02,-1.34
2020-12-03,-1.38
2020-12-04,-1.41
2020-12-07,-1.44
2020-12-08,-1.45
2020-12-09,-1.43
2020-12-10,-1.44
2020-12-11,-1.45
2020-12-14,-1.47
2020-12-15,-1.49
2020-12-16,-1.53
2020-12-17,-1.52
2020-12-18,-1.53
2020-12-21,-1.51
2020-12-22,-1.55
2020-12-23,-1.55
2020-12-24,-1.55
2020-12-25,
2020-12-28,-1.54
2020-12-29,-1.53
2020-12-30,-1.55
2020-12-31,-1.59
2021-01-01,
2021-01-04,-1.62
2021-01-05,-1.63
2021-01-06,-1.61
2021-01-07,-1.63
2021-01-08,-1.58
2021-01-11,-1.54
2021-01-12,-1.56
2021-01-13,-1.56
2021-01-14,-1.6
2021-01-15,-1.63
2021-01-18,
2021-01-19,-1.67
2021-01-20,-1.7
2021-01-21,-1.73
2021-01-22,-1.72
2021-01-25,-1.73
2021-01-26,-1.73
2021-01-27,-1.74
2021-01-28,-1.76
2021-01-29,-1.76
2021-02-01,-1.76
2021-02-02,-1.78
2021-02-03,-1.81
2021-02-04,-1.79
2021-02-05,-1.81
2021-02-08,-1.83
2021-02-09,-1.83
2021-02-10,-1.85
2021-02-11,-1.86
2021-02-12,-1.85
2021-02-15,
2021-02-16,-1.8
2021-02-17,-1.78
2021-02-18,-1.73
2021-02-19,-1.7
2021-02-22,-1.74
2021-02-23,-1.76
2021-02-24,-1.76
2021-02-25,-1.53
2021-02-26,-1.64
2021-03-01,-1.69
2021-03-02,-1.76
2021-03-03,-1.72
2021-03-04,-1.66
2021-03-05,-1.64
2021-03-08,-1.56
2021-03-09,-1.58
2021-03-10,-1.67
2021-03-11,-1.73
2021-03-12,-1.66
2021-03-15,-1.7
2021-03-16,-1.76
2021-03-17,-1.78
2021-03-18,-1.64
2021-03-19,-1.61
2021-03-22,-1.64
2021-03-23,-1.65
2021-03-24,-1.7
2021-03-25,-1.72
2021-03-26,-1.72
2021-03-29,-1.67
2021-03-30,-1.62
2021-03-31,-1.62
2021-04-01,-1.65
2021-04-02,-1.61
2021-04-05,-1.61
2021-04-06,-1.64
2021-04-07,-1.66
2021-04-08,-1.7
2021-04-09,-1.64
2021-04-12,-1.63
2021-04-13,-1.69
2021-04-14,-1.69
2021-04-15,-1.74
2021-04-16,-1.73
2021-04-19,-1.71
2021-04-20,-1.71
2021-04-21,-1.72
2021-04-22,-1.61
2021-04-23,-1.61
2021-04-26,-1.62
2021-04-27,-1.63
2021-04-28,-1.68
2021-04-29,-1.7
2021-04-30,-1.71
2021-05-03,-1.76
2021-05-04,-1.8
2021-05-05,-1.88
2021-05-06,-1.85
2021-05-07,-1.88
2021-05-10,-1.91
2021-05-11,-1.88
2021-05-12,-1.85
2021-05-13,-1.81
2021-05-14,-1.86
2021-05-17,-1.88
2021-05-18,-1.89
2021-05-19,-1.79
2021-05-20,-1.76
2021-05-21,-1.78
2021-05-24,-1.82
2021-05-25,-1.84
2021-05-26,-1.8
2021-05-27,-1.78
2021-05-28,-1.78
2021-05-31,
2021-06-01,-1.79
2021-06-02,-1.79
2021-06-03,-1.72
2021-06-04,-1.76
2021-06-07,-1.72
2021-06-08,-1.7
2021-06-09,-1.66
2021-06-10,-1.74
2021-06-11,-1.67
2021-06-14,-1.64
2021-06-15,-1.67
2021-06-16,-1.52
2021-06-17,-1.41
2021-06-18,-1.48
2021-06-21,-1.51
2021-06-22,-1.59
2021-06-23,-1.59
2021-06-24,-1.55
2021-06-25,-1.54
2021-06-28,-1.55
2021-06-29,-1.57
2021-06-30,-1.6
2021-07-01,-1.6
2021-07-02,-1.63
2021-07-05,
2021-07-06,-1.67
2021-07-07,-1.64
2021-07-08,-1.64
2021-07-09,-1.65
2021-07-12,-1.67
2021-07-13,-1.71
2021-07-14,-1.73
2021-07-15,-1.75
2021-07-16,-1.73
2021-07-19,-1.71
2021-07-20,-1.71
2021-07-21,-1.71
2021-07-22,-1.75
2021-07-23,-1.81
2021-07-26,-1.86
2021-07-27,-1.84
2021-07-28,-1.85
2021-07-29,-1.85
2021-07-30,-1.87
2021-08-02,-1.85
2021-08-03,-1.86
2021-08-04,-1.83
2021-08-05,-1.74
2021-08-06,-1.73
2021-08-09,-1.71
2021-08-10,-1.71
2021-08-11,-1.74
2021-08-12,-1.72
2021-08-13,-1.73
2021-08-16,-1.75
2021-08-17,-1.72
2021-08-18,-1.69
2021-08-19,-1.67
2021-08-20,-1.6
2021-08-23,-1.65
2021-08-24,-1.65
2021-08-25,-1.67
2021-08-26,-1.66
2021-08-27,-1.74
2021-08-30,-1.74
2021-08-31,-1.71
2021-09-01,-1.7
2021-09-02,-1.69
2021-09-03,-1.7
2021-09-06,
2021-09-07,-1.69
2021-09-08,-1.72
2021-09-09,-1.76
2021-09-10,-1.73
2021-09-13,-1.72
2021-09-14,-1.7
2021-09-15,-1.7
2021-09-16,-1.69
2021-09-17,-1.63
2021-09-20,-1.6
2021-09-21,-1.6
2021-09-22,-1.55
2021-09-23,-1.54
2021-09-24,-1.5
2021-09-27,-1.52
2021-09-28,-1.51
2021-09-29,-1.51
2021-09-30,-1.53
2021-10-01,-1.58
2021-10-04,-1.58
2021-10-05,-1.61
2021-10-06,-1.58
2021-10-07,-1.59
2021-10-08,-1.59
2021-10-11,
2021-10-12,-1.56
2021-10-13,-1.59
2021-10-14,-1.64
2021-10-15,-1.58
2021-10-18,-1.55
2021-10-19,-1.54
2021-10-20,-1.61
2021-10-21,-1.71
2021-10-22,-1.69
2021-10-25,-1.76
2021-10-26,-1.79
2021-10-27,-1.8
2021-10-28,-1.72
2021-10-29,-1.71
2021-11-01,-1.66
2021-11-02,-1.69
2021-11-03,-1.67
2021-11-04,-1.78
2021-11-05,-1.83
2021-11-08,-1.81
2021-11-09,-1.88
2021-11-10,-1.85
2021-11-11,
2021-11-12,-1.87
2021-11-15,-1.91
2021-11-16,-1.9
2021-11-17,-1.9
2021-11-18,-1.89
2021-11-19,-1.8
2021-11-22,-1.65
2021-11-23,-1.67
2021-11-24,-1.69
2021-11-25,
2021-11-26,-1.76
2021-11-29,-1.73
2021-11-30,-1.66
2021-12-01,-1.55
2021-12-02,-1.52
2021-12-03,-1.59
2021-12-06,-1.58
2021-12-07,-1.58
2021-12-08,-1.61
2021-12-09,-1.54
2021-12-10,-1.51
2021-12-13,-1.52
2021-12-14,-1.43
2021-12-15,-1.41
2021-12-16,-1.51
2021-12-17,-1.47
2021-12-20,-1.48
2021-12-21,-1.45
2021-12-22,-1.47
2021-12-23,-1.47
2021-12-24,
2021-12-27,-1.49
2021-12-28,-1.51
2021-12-29,-1.54
2021-12-30,-1.59
2021-12-31,-1.61
2022-01-03,-1.58
2022-01-04,-1.56
2022-01-05,-1.44
2022-01-06,-1.3
2022-01-07,-1.28
2022-01-10,-1.24
2022-01-11,-1.36
2022-01-12,-1.32
2022-01-13,-1.3
2022-01-14,-1.24
2022-01-17,
2022-01-18,-1.15
2022-01-19,-1.11
2022-01-20,-1.12
2022-01-21,-1.16
2022-01-24,-1.21
2022-01-25,-1.22
2022-01-26,-1.09
2022-01-27,-1.1
2022-01-28,-1.19
2022-01-31,-1.2
2022-02-01,-1.17
2022-02-02,-1.19
2022-02-03,-1.1
2022-02-04,-1.0
2022-02-07,-0.99
2022-02-08,-0.96
2022-02-09,-0.96
2022-02-10,-0.85
2022-02-11,-0.98
2022-02-14,-1.01
2022-02-15,-0.95
2022-02-16,-0.97
2022-02-17,-1.02
2022-02-18,-1.04
2022-02-21,
2022-02-22,-1.04
2022-02-23,-1.12
2022-02-24,-1.21
2022-02-25,-1.16
2022-02-28,-1.4
2022-03-01,-1.58
2022-03-02,-1.49
2022-03-03,-1.43
2022-03-04,-1.54
2022-03-07,-1.58
2022-03-08,-1.63
2022-03-09,-1.46
2022-03-10,-1.5
2022-03-11,-1.56
2022-03-14,-1.4
2022-03-15,-1.32
2022-03-16,-1.16
2022-03-17,-1.34
2022-03-18,-1.34
2022-03-21,-1.19
2022-03-22,-1.13
2022-03-23,-1.23
2022-03-24,-1.2
2022-03-25,-1.04
2022-03-28,-1.02
2022-03-29,-0.91
2022-03-30,-0.97
2022-03-31,-0.92
2022-04-01,-0.73
2022-04-04,-0.72
2022-04-05,-0.62
2022-04-06,-0.58
2022-04-07,-0.56
2022-04-08,-0.57
2022-04-11,-0.58
2022-04-12,-0.65
2022-04-13,-0.59
2022-04-14,-0.54
2022-04-15,
2022-04-18,-0.57
2022-04-19,-0.45
2022-04-20,-0.49
2022-04-21,-0.41
2022-04-22,-0.43
2022-04-25,-0.43
2022-04-26,-0.46
2022-04-27,-0.47
2022-04-28,-0.53
2022-04-29,-0.38
2022-05-02,-0.2
2022-05-03,-0.2
2022-05-04,-0.31
2022-05-05,-0.22
2022-05-06,-0.16
2022-05-09,-0.11
2022-05-10,-0.01
2022-05-11,-0.11
2022-05-12,-0.08
2022-05-13,-0.14
2022-05-16,-0.21
2022-05-17,-0.12
2022-05-18,-0.16
2022-05-19,-0.13
2022-05-20,-0.08
2022-05-23,-0.04
2022-05-24,-0.11
2022-05-25,-0.17
2022-05-26,-0.26
2022-05-27,-0.24
2022-05-30,
2022-05-31,-0.15
2022-06-01,-0.02
2022-06-02,-0.05
2022-06-03,-0.09
2022-06-06,-0.02
2022-06-07,-0.04
2022-06-08,-0.03
2022-06-09,-0.01
2022-06-10,0.12
2022-06-13,0.45
2022-06-14,0.73
2022-06-15,0.38
2022-06-16,0.48
2022-06-17,0.54
2022-06-20,
2022-06-21,0.54
2022-06-22,0.48
2022-06-23,0.45
2022-06-24,0.36
2022-06-27,0.45
2022-06-28,0.52
2022-06-29,0.56
2022-06-30,0.43
2022-07-01,0.28
2022-07-04,
2022-07-05,0.31
2022-07-06,0.48
2022-07-07,0.52
2022-07-08,0.51
2022-07-11,0.49
2022-07-12,0.51
2022-07-13,0.51
2022-07-14,0.52
2022-07-15,0.46
2022-07-18,0.43
2022-07-19,0.47
2022-07-20,0.51
2022-07-21,0.45
2022-07-22,0.31
2022-07-25,0.31
2022-07-26,0.33
2022-07-27,0.21
2022-07-28,0.02
2022-07-29,-0.03
2022-08-01,-0.06
2022-08-02,0.16
2022-08-03,0.14
2022-08-04,0.12
2022-08-05,0.33
2022-08-08,0.26
2022-08-09,0.31
2022-08-10,0.32
2022-08-11,0.31
2022-08-12,0.3
2022-08-15,0.29
2022-08-16,0.34
2022-08-17,0.39
2022-08-18,0.32
2022-08-19,0.39
2022-08-22,0.43
2022-08-23,0.41
2022-08-24,0.41
2022-08-25,0.38
2022-08-26,0.47
2022-08-29,0.56
2022-08-30,0.6
2022-08-31,0.72
2022-09-01,0.87
2022-09-02,0.75
2022-09-05,
2022-09-06,0.87
2022-09-07,0.86
2022-09-08,0.93
2022-09-09,0.94
2022-09-12,0.95
2022-09-13,1.02
2022-09-14,0.98
2022-09-15,1.09
2022-09-16,1.13
2022-09-19,1.25
2022-09-20,1.27
2022-09-21,1.27
2022-09-22,1.46
2022-09-23,1.58
2022-09-26,1.82
2022-09-27,1.86
2022-09-28,1.55
2022-09-29,1.8
2022-09-30,1.92
2022-10-03,1.64
2022-10-04,1.56
2022-10-05,1.7
2022-10-06,1.76
2022-10-07,1.78
2022-10-10,
2022-10-11,1.78
2022-10-12,1.8
2022-10-13,1.83
2022-10-14,1.81
2022-10-17,1.76
2022-10-18,1.79
2022-10-19,1.89
2022-10-20,1.8
2022-10-21,1.65
2022-10-24,1.64
2022-10-25,1.63
2022-10-26,1.64
2022-10-27,1.52
2022-10-28,1.57
2022-10-31,1.6
2022-11-01,1.62
2022-11-02,1.62
2022-11-03,1.82
2022-11-04,1.72
2022-11-07,1.72
2022-11-08,1.7
2022-11-09,1.74
2022-11-10,1.48
2022-11-11,
2022-11-14,1.58
2022-11-15,1.53
2022-11-16,1.48
2022-11-17,1.61
2022-11-18,1.71
2022-11-21,1.63
2022-11-22,1.58
2022-11-23,1.55
2022-11-24,
2022-11-25,1.51
2022-11-28,1.59
2022-11-29,1.62
2022-11-30,1.41
2022-12-01,1.23
2022-12-02,1.16
2022-12-05,1.34
2022-12-06,1.35
2022-12-07,1.29
2022-12-08,1.35
2022-12-09,1.45
2022-12-12,1.45
2022-12-13,1.35
2022-12-14,1.39
2022-12-15,1.41
2022-12-16,1.47
2022-12-19,1.51
2022-12-20,1.53
2022-12-21,1.47
2022-12-22,1.55
2022-12-23,1.57
2022-12-26,
2022-12-27,1.61
2022-12-28,1.64
2022-12-29,1.62
2022-12-30,1.66
2023-01-02,
2023-01-03,1.65
2023-01-04,1.64
2023-01-05,1.68
2023-01-06,1.51
2023-01-09,1.48
2023-01-10,1.52
2023-01-11,1.45
2023-01-12,1.32
2023-01-13,1.4
2023-01-16,
2023-01-17,1.42
2023-01-18,1.34
2023-01-19,1.27
2023-01-20,1.33
2023-01-23,1.33
2023-01-24,1.29
2023-01-25,1.26
2023-01-26,1.26
2023-01-27,1.29
2023-01-30,1.38
2023-01-31,1.36
2023-02-01,1.19
2023-02-02,1.23
2023-02-03,1.4
2023-02-06,1.48
2023-02-07,1.45
2023-02-08,1.36
2023-02-09,1.42
2023-02-10,1.46
2023-02-13,1.49
2023-02-14,1.55
2023-02-15,1.53
2023-02-16,1.54
2023-02-17,1.53
2023-02-20,
2023-02-21,1.58
2023-02-22,1.61
2023-02-23,1.59
2023-02-24,1.72
2023-02-27,1.68
2023-02-28,1.6
2023-03-01,1.68
2023-03-02,1.67
2023-03-03,1.55
2023-03-06,1.57
2023-03-07,1.77
2023-03-08,1.87
2023-03-09,1.79
2023-03-10,1.62
2023-03-13,1.42
2023-03-14,1.43
2023-03-15,1.26
2023-03-16,1.46
2023-03-17,1.34
2023-03-20,1.42
2023-03-21,1.48
2023-03-22,1.23
2023-03-23,1.13
2023-03-24,1.2
2023-03-27,1.32
2023-03-28,1.29
2023-03-29,1.29
2023-03-30,1.26
2023-03-31,1.2
2023-04-03,1.13
2023-04-04,1.07
2023-04-05,1.07
2023-04-06,1.06
2023-04-07,1.16
2023-04-10,1.18
2023-04-11,1.18
2023-04-12,1.17
2023-04-13,1.22
2023-04-14,1.29
2023-04-17,1.34
2023-04-18,1.36
2023-04-19,1.38
2023-04-20,1.35
2023-04-21,1.36
2023-04-24,1.27
2023-04-25,1.17
2023-04-26,1.2
2023-04-27,1.31
2023-04-28,1.31
2023-05-01,1.4
2023-05-02,1.28
2023-05-03,1.18
2023-05-04,1.16
2023-05-05,1.22
2023-05-08,1.27
2023-05-09,1.29
2023-05-10,1.24
2023-05-11,1.26
2023-05-12,1.34
2023-05-15,1.34
2023-05-16,1.41
2023-05-17,1.42
2023-05-18,1.53
2023-05-19,1.57
2023-05-22,1.59
2023-05-23,1.55
2023-05-24,1.61
2023-05-25,1.78
2023-05-26,1.79
2023-05-29,
2023-05-30,1.69
2023-05-31,1.67
2023-06-01,1.63
2023-06-02,1.71
2023-06-05,1.67
2023-06-06,1.71
2023-06-07,1.78
2023-06-08,1.73
2023-06-09,1.79
2023-06-12,1.8
2023-06-13,1.89
2023-06-14,1.91
2023-06-15,1.75
2023-06-16,1.82
2023-06-19,
2023-06-20,1.82
2023-06-21,1.8
2023-06-22,1.85
2023-06-23,1.83
2023-06-26,1.83
2023-06-27,1.9
2023-06-28,1.85
2023-06-29,1.99
2023-06-30,1.95
2023-07-03,1.98
2023-07-04,
2023-07-05,2.05
2023-07-06,2.15
2023-07-07,2.13
2023-07-10,2.06
2023-07-11,2.08
2023-07-12,1.89
2023-07-13,1.77
2023-07-14,1.89
2023-07-17,1.86
2023-07-18,1.87
2023-07-19,1.85
2023-07-20,1.87
2023-07-21,1.86
2023-07-24,1.85
2023-07-25,1.89
2023-07-26,1.85
2023-07-27,1.97
2023-07-28,1.9
2023-07-31,1.91
2023-08-01,1.98
2023-08-02,1.99
2023-08-03,2.06
2023-08-04,1.89
2023-08-07,1.87
2023-08-08,1.86
2023-08-09,1.89
2023-08-10,1.96
2023-08-11,2.01
2023-08-14,2.07
2023-08-15,2.12
2023-08-16,2.19
2023-08-17,2.18
2023-08-18,2.16
2023-08-21,2.21
2023-08-22,2.22
2023-08-23,2.1
2023-08-24,2.15
2023-08-25,2.19
2023-08-28,2.17
2023-08-29,2.08
2023-08-30,2.11
2023-08-31,2.08
2023-09-01,2.12
2023-09-04,
2023-09-05,2.16
2023-09-06,2.21
2023-09-07,2.14
2023-09-08,2.13
2023-09-11,2.14
2023-09-12,2.14
2023-09-13,2.11
2023-09-14,2.15
2023-09-15,2.18
2023-09-18,2.17
2023-09-19,2.21
2023-09-20,2.25
2023-09-21,2.32
2023-09-22,2.28
2023-09-25,2.37
2023-09-26,2.42
2023-09-27,2.44
2023-09-28,2.35
2023-09-29,2.38
2023-10-02,2.49
2023-10-03,2.59
2023-10-04,2.54
2023-10-05,2.54
2023-10-06,2.58
2023-10-09,
2023-10-10,2.44
2023-10-11,2.39
2023-10-12,2.46
2023-10-13,2.39
2023-10-16,2.42
2023-10-17,2.54
2023-10-18,2.57
2023-10-19,2.43
2023-10-20,2.39
2023-10-23,2.4
2023-10-24,2.44
2023-10-25,2.49
2023-10-26,2.42
2023-10-27,2.37
2023-10-30,2.4
2023-10-31,2.42
2023-11-01,2.31
2023-11-02,2.3
